0.5073921644158867
0.5073921644158867
0.5359422007578724
0.553518724817331
0.5218624584427538
0.5348383021589468
0.5218624584427538
0.5348383021589468
0.5359422007578724
0.553518724817331
0.5218624584427538
0.5348383021589468
0.5218624584427538
0.5348383021589468
0.510527470242631
0.5157106231293966
0.510527470242631
0.5157106231293966
0.5359422007578724
0.553518724817331
0.5218624584427538
0.5348383021589468
0.5218624584427538
0.5348383021589468
0.527759396560251
0.5073921644158867
0.5073921644158867
0.5303300858899107
0.5303300858899107
0.5303300858899107
0.5303300858899107
0.5303300858899107
0.5303300858899107
0.5303300858899107
0.5303300858899107
0.5303300858899107
0.5359422007578724
0.5303300858899107
0.5477225575051661
0.553518724817331
0.5303300858899107
0.5303300858899107
0.5303300858899107
0.5303300858899107
0.5303300858899107
0.5303300858899107
0.5303300858899107
0.5303300858899107
0.5303300858899107
0.5892556509887896
0.5892556509887896
0.5303300858899107
0.5303300858899107
0.5892556509887896
0.5303300858899107
0.5303300858899107
0.5163977794943222
0.5163977794943222
0.5163977794943222
0.5163977794943222
0.5163977794943222
0.5163977794943222
0.5163977794943222
0.5163977794943222
0.5163977794943222
0.5218624584427538
0.5163977794943222
0.529237746757157
0.5348383021589468
0.5163977794943222
0.5163977794943222
0.5163977794943222
0.5163977794943222
0.5163977794943222
0.5163977794943222
0.5163977794943222
0.5163977794943222
0.5163977794943222
0.5809475019311126
0.5809475019311126
0.5163977794943222
0.5163977794943222
0.5809475019311126
0.5163977794943222
0.5163977794943222
0.5163977794943222
0.5163977794943222
0.5163977794943222
0.5163977794943222
0.5163977794943222
0.5163977794943222
0.5163977794943222
0.5163977794943222
0.5163977794943222
0.5163977794943222
0.5163977794943222
0.5163977794943222
0.5218624584427538
0.5163977794943222
0.529237746757157
0.5348383021589468
0.5163977794943222
0.5163977794943222
0.5163977794943222
0.5163977794943222
0.5163977794943222
0.5163977794943222
0.5163977794943222
0.5163977794943222
0.5163977794943222
0.5809475019311126
0.5809475019311126
0.5163977794943222
0.5163977794943222
0.5809475019311126
0.5163977794943222
0.5163977794943222
0.5051814855409226
0.5163977794943222
0.5163977794943222
0.5163977794943222
0.5051814855409226
0.5163977794943222
0.5163977794943222
0.5163977794943222
0.5163977794943222
0.5051814855409226
0.5163977794943222
0.5163977794943222
0.5163977794943222
0.5163977794943222
0.5163977794943222
0.5163977794943222
0.5163977794943222
0.5163977794943222
0.5163977794943222
0.5163977794943222
0.5163977794943222
0.5051814855409226
0.5163977794943222
0.5163977794943222
0.529237746757157
0.5163977794943222
0.5163977794943222
0.5163977794943222
0.5163977794943222
0.5163977794943222
0.5163977794943222
0.5163977794943222
0.5163977794943222
0.5163977794943222
0.5809475019311126
0.5809475019311126
0.5163977794943222
0.5163977794943222
0.5809475019311126
0.5163977794943222
0.5163977794943222
0.5051814855409226
0.5163977794943222
0.5163977794943222
0.5163977794943222
0.5359422007578724
0.553518724817331
0.5218624584427538
0.5348383021589468
0.5218624584427538
0.5348383021589468
0.5359422007578724
0.553518724817331
0.5218624584427538
0.5348383021589468
0.5218624584427538
0.5348383021589468
0.5359422007578724
0.553518724817331
0.5218624584427538
0.5348383021589468
0.5218624584427538
0.5348383021589468
0.5359422007578724
0.553518724817331
0.5218624584427538
0.5348383021589468
0.5218624584427538
0.5348383021589468
0.5359422007578724
0.553518724817331
0.5218624584427538
0.5348383021589468
0.5218624584427538
0.5348383021589468
0.5359422007578724
0.553518724817331
0.5218624584427538
0.5348383021589468
0.5218624584427538
0.5348383021589468
0.5359422007578724
0.5954913341754137
0.5360562674188974
0.5996452852187752
0.5397956190493097
0.5218624584427538
0.587095265748098
0.5284981975632331
0.5834599659915783
0.5252257314388902
0.5218624584427538
0.5348383021589468
0.5218624584427538
0.587095265748098
0.5284981975632331
0.5834599659915783
0.5252257314388902
0.527759396560251
0.5218624584427538
0.5348383021589468
0.5218624584427538
0.5348383021589468
0.5073921644158867
0.5218624584427538
0.5348383021589468
0.5218624584427538
0.5348383021589468
0.5218624584427538
0.5348383021589468
0.5218624584427538
0.5348383021589468
0.5073921644158867
0.50709255283711
0.50709255283711
0.50709255283711
0.5095246653650681
0.50709255283711
0.5095246653650681
0.5095246653650681
0.50709255283711
0.50709255283711
0.50709255283711
0.50709255283711
0.50709255283711
0.50709255283711
0.545544725589981
0.5073921644158867
0.5493502655735357
0.5378528742004771
0.5345224838248488
0.5378528742004771
0.5345224838248488
0.5073921644158867
0.5073921644158867
0.5073921644158867
0.5073921644158867
0.5073921644158867
0.5073921644158867
0.5073921644158867
0.527759396560251
0.5073921644158867
0.5073921644158867
