0.5892556509887896
0.5303300858899107
0.5892556509887896
0.5303300858899107
0.5303300858899107
0.5303300858899107
0.5303300858899107
0.5303300858899107
0.5809475019311126
0.5163977794943222
0.5809475019311126
0.5163977794943222
0.5163977794943222
0.5163977794943222
0.5163977794943222
0.5163977794943222
0.5163977794943222
0.5163977794943222
0.5809475019311126
0.5163977794943222
0.5809475019311126
0.5163977794943222
0.5163977794943222
0.5163977794943222
0.5163977794943222
0.5163977794943222
0.5163977794943222
0.5163977794943222
0.5163977794943222
0.5163977794943222
0.5163977794943222
0.5163977794943222
0.5163977794943222
0.5163977794943222
0.5809475019311126
0.5163977794943222
0.5809475019311126
0.5163977794943222
0.5163977794943222
0.5163977794943222
0.5163977794943222
0.5163977794943222
0.5163977794943222
0.5163977794943222
0.5359422007578724
0.5359422007578724
0.5218624584427538
0.5218624584427538
0.5218624584427538
0.5218624584427538
0.5095246653650681
0.5095246653650681
