0.5303300858899107
0.5303300858899107
0.5303300858899107
0.5303300858899107
0.5303300858899107
0.5303300858899107
0.5303300858899107
0.5163977794943222
0.5163977794943222
0.5051814855409226
0.5163977794943222
0.5163977794943222
0.5163977794943222
0.5163977794943222
0.5051814855409226
0.5051814855409226
0.5163977794943222
0.5163977794943222
0.5163977794943222
0.5163977794943222
0.5163977794943222
0.5163977794943222
0.5163977794943222
0.5163977794943222
0.5163977794943222
0.5163977794943222
0.5163977794943222
0.5163977794943222
0.5163977794943222
0.5163977794943222
